NNN int. calculated by NuHamil (Tokyo code), main:5398a5755bf69815d525b535a3295087f100883e
# idx,  n,  l,  j
   1   0   0   1
   2   0   1   1
   3   0   1   3 
#  a,  b,  c,Jab,Tab,  d,  e,  f,Jde,Tde,Jabc,Tabc,Jdef,Tdef,               ME
   1   1   1   0   1   1   1   1   0   1    1    1    1    1     -0.2173219174
   1   1   1   1   0   1   1   1   0   1    1    1    1    1      0.2173219174
   1   1   1   1   0   1   1   1   1   0    1    1    1    1     -0.2173219174
   2   2   1   0   1   1   1   1   0   1    1    1    1    1      0.3624826670
   2   2   1   0   1   1   1   1   1   0    1    1    1    1     -0.3624826670
   2   2   1   0   1   2   2   1   0   1    1    1    1    1      0.5598675013
   2   2   1   1   0   1   1   1   0   1    1    1    1    1     -1.3046263456
   2   2   1   1   0   1   1   1   1   0    1    1    1    1      1.3046263456
   2   2   1   1   0   2   2   1   0   1    1    1    1    1      0.2906345427
   2   2   1   1   0   2   2   1   1   0    1    1    1    1      0.8013137579
   3   2   1   1   0   1   1   1   0   1    1    1    1    1     -0.2319905758
   3   2   1   1   0   1   1   1   1   0    1    1    1    1      0.2319905758
   3   2   1   1   0   2   2   1   0   1    1    1    1    1      0.1937319636
   3   2   1   1   0   2   2   1   1   0    1    1    1    1      0.2404776663
   3   2   1   1   0   3   2   1   1   0    1    1    1    1     -0.1227094680
   3   2   1   1   1   1   1   1   0   1    1    1    1    1     -0.7366241813
   3   2   1   1   1   1   1   1   1   0    1    1    1    1      0.7366241813
   3   2   1   1   1   2   2   1   0   1    1    1    1    1      0.3190431595
   3   2   1   1   1   2   2   1   1   0    1    1    1    1      0.0051286351
   3   2   1   1   1   3   2   1   1   0    1    1    1    1     -0.1208072454
   3   2   1   1   1   3   2   1   1   1    1    1    1    1      0.0789228305
   3   3   1   0   1   1   1   1   0   1    1    1    1    1     -0.7632424831
   3   3   1   0   1   1   1   1   1   0    1    1    1    1      0.7632424831
   3   3   1   0   1   2   2   1   0   1    1    1    1    1     -0.3768954277
   3   3   1   0   1   2   2   1   1   0    1    1    1    1     -0.0837568194
   3   3   1   0   1   3   2   1   1   0    1    1    1    1      0.3823107481
   3   3   1   0   1   3   2   1   1   1    1    1    1    1      0.4406495690
   3   3   1   0   1   3   3   1   0   1    1    1    1    1      0.4527539611
   3   3   1   1   0   1   1   1   0   1    1    1    1    1     -0.6791431308
   3   3   1   1   0   1   1   1   1   0    1    1    1    1      0.6791431308
   3   3   1   1   0   2   2   1   0   1    1    1    1    1      0.8782967329
   3   3   1   1   0   2   2   1   1   0    1    1    1    1      0.2038763762
   3   3   1   1   0   3   2   1   1   0    1    1    1    1      0.0591748990
   3   3   1   1   0   3   2   1   1   1    1    1    1    1     -0.1837078035
   3   3   1   1   0   3   3   1   0   1    1    1    1    1     -0.0016367882
   3   3   1   1   0   3   3   1   1   0    1    1    1    1     -0.1556634307
   2   1   1   0   0   2   1   1   0   0    1    1    1    1     -0.0524329916
   2   1   1   0   1   2   1   1   0   0    1    1    1    1      0.0799407959
   2   1   1   0   1   2   1   1   0   1    1    1    1    1      0.2871586680
   2   1   1   1   0   2   1   1   0   0    1    1    1    1     -0.0193963945
   2   1   1   1   0   2   1   1   0   1    1    1    1    1     -0.3794663548
   2   1   1   1   0   2   1   1   1   0    1    1    1    1      0.4018634558
   2   1   1   1   1   2   1   1   0   0    1    1    1    1      0.0524329916
   2   1   1   1   1   2   1   1   0   1    1    1    1    1     -0.0799408033
   2   1   1   1   1   2   1   1   1   0    1    1    1    1      0.0193964001
   2   1   1   1   1   2   1   1   1   1    1    1    1    1     -0.0524329916
   3   1   1   1   0   2   1   1   0   0    1    1    1    1      0.0191097967
   3   1   1   1   0   2   1   1   0   1    1    1    1    1      0.1831151396
   3   1   1   1   0   2   1   1   1   0    1    1    1    1     -0.2051812410
   3   1   1   1   0   2   1   1   1   1    1    1    1    1     -0.0191097967
   3   1   1   1   0   3   1   1   1   0    1    1    1    1      0.0480245017
   3   1   1   1   1   2   1   1   0   0    1    1    1    1     -0.0330991410
   3   1   1   1   1   2   1   1   0   1    1    1    1    1     -0.3171647489
   3   1   1   1   1   2   1   1   1   0    1    1    1    1      0.3553843796
   3   1   1   1   1   2   1   1   1   1    1    1    1    1      0.0330991410
   3   1   1   1   1   3   1   1   1   0    1    1    1    1     -0.0831808969
   3   1   1   1   1   3   1   1   1   1    1    1    1    1      0.1440735459
   2   2   1   1   0   2   2   1   1   0    3    1    3    1      0.3170728385
   3   2   1   1   0   2   2   1   1   0    3    1    3    1      0.4784209132
   3   2   1   1   0   3   2   1   1   0    3    1    3    1      0.0663641468
   3   2   1   1   1   2   2   1   1   0    3    1    3    1      0.3834949136
   3   2   1   1   1   3   2   1   1   0    3    1    3    1      0.0664210096
   3   2   1   1   1   3   2   1   1   1    3    1    3    1      0.2927005589
   3   2   1   2   0   2   2   1   1   0    3    1    3    1     -0.1760616302
   3   2   1   2   0   3   2   1   1   0    3    1    3    1      0.1607040912
   3   2   1   2   0   3   2   1   1   1    3    1    3    1      0.1058318242
   3   2   1   2   0   3   2   1   2   0    3    1    3    1     -0.0225825086
   3   2   1   2   1   2   2   1   1   0    3    1    3    1      0.2199587524
   3   2   1   2   1   3   2   1   1   0    3    1    3    1      0.0575751737
   3   2   1   2   1   3   2   1   1   1    3    1    3    1      0.0747168511
   3   2   1   2   1   3   2   1   2   0    3    1    3    1      0.1253397912
   3   2   1   2   1   3   2   1   2   1    3    1    3    1      0.0136916079
   3   3   1   1   0   2   2   1   1   0    3    1    3    1     -0.3747555614
   3   3   1   1   0   3   2   1   1   0    3    1    3    1      0.1945566535
   3   3   1   1   0   3   2   1   1   1    3    1    3    1      0.2282355726
   3   3   1   1   0   3   2   1   2   0    3    1    3    1      0.0850627199
   3   3   1   1   0   3   2   1   2   1    3    1    3    1      0.0535709932
   3   3   1   1   0   3   3   1   1   0    3    1    3    1      0.2195676416
   3   3   1   2   1   2   2   1   1   0    3    1    3    1     -0.4618979394
   3   3   1   2   1   3   2   1   1   0    3    1    3    1     -0.0582566485
   3   3   1   2   1   3   2   1   1   1    3    1    3    1     -0.1666872203
   3   3   1   2   1   3   2   1   2   0    3    1    3    1     -0.0565049611
   3   3   1   2   1   3   2   1   2   1    3    1    3    1     -0.0872171372
   3   3   1   2   1   3   3   1   1   0    3    1    3    1     -0.1040840372
   3   3   1   2   1   3   3   1   2   1    3    1    3    1      0.0770326704
   2   1   1   1   0   2   1   1   1   0    3    1    3    1      0.3615685403
   2   1   1   1   1   2   1   1   1   0    3    1    3    1     -0.6262550354
   2   1   1   1   1   2   1   1   1   1    3    1    3    1      1.0847054720
   3   1   1   1   0   2   1   1   1   0    3    1    3    1     -0.2552341223
   3   1   1   1   0   2   1   1   1   1    3    1    3    1      0.4420784414
   3   1   1   1   0   3   1   1   1   0    3    1    3    1      0.0696641281
   3   1   1   1   1   2   1   1   1   0    3    1    3    1     -0.1774337292
   3   1   1   1   1   2   1   1   1   1    3    1    3    1      0.3073242009
   3   1   1   1   1   3   1   1   1   0    3    1    3    1      0.1472653449
   3   1   1   1   1   3   1   1   1   1    3    1    3    1     -0.0125903301
   3   1   1   2   0   2   1   1   1   0    3    1    3    1      0.3564050794
   3   1   1   2   0   2   1   1   1   1    3    1    3    1     -0.6173116565
   3   1   1   2   0   3   1   1   1   0    3    1    3    1     -0.1856797338
   3   1   1   2   0   3   1   1   1   1    3    1    3    1     -0.1028101370
   3   1   1   2   0   3   1   1   2   0    3    1    3    1      0.2357831001
   3   1   1   2   1   2   1   1   1   0    3    1    3    1      0.1824751198
   3   1   1   2   1   2   1   1   1   1    3    1    3    1     -0.3160561919
   3   1   1   2   1   3   1   1   1   0    3    1    3    1     -0.0242857300
   3   1   1   2   1   3   1   1   1   1    3    1    3    1     -0.1349689513
   3   1   1   2   1   3   1   1   2   0    3    1    3    1      0.1395315230
   3   1   1   2   1   3   1   1   2   1    3    1    3    1     -0.0131270178
   3   2   1   2   0   3   2   1   2   0    5    1    5    1      0.1034152359
   3   2   1   2   1   3   2   1   2   0    5    1    5    1     -0.0039103660
   3   2   1   2   1   3   2   1   2   1    5    1    5    1      0.4056887925
   3   3   1   2   1   3   2   1   2   0    5    1    5    1      0.0408187695
   3   3   1   2   1   3   2   1   2   1    5    1    5    1     -0.0637567416
   3   3   1   2   1   3   3   1   2   1    5    1    5    1      0.3341875970
   3   3   1   3   0   3   2   1   2   0    5    1    5    1      0.0482508391
   3   3   1   3   0   3   2   1   2   1    5    1    5    1      0.2349732518
   3   3   1   3   0   3   3   1   2   1    5    1    5    1     -0.0853474885
   3   3   1   3   0   3   3   1   3   0    5    1    5    1      0.1866210401
   3   1   1   2   0   3   1   1   2   0    5    1    5    1      0.1225273386
   3   1   1   2   1   3   1   1   2   0    5    1    5    1     -0.2122235596
   3   1   1   2   1   3   1   1   2   1    5    1    5    1      0.3675819635
   3   3   1   3   0   3   3   1   3   0    7    1    7    1     -0.0162157938
   2   2   1   0   1   2   2   1   0   1    1    3    1    3      0.5818765759
   3   2   1   1   1   2   2   1   0   1    1    3    1    3     -0.1818326265
   3   2   1   1   1   3   2   1   1   1    1    3    1    3      0.2993246615
   3   3   1   0   1   2   2   1   0   1    1    3    1    3     -0.0454309322
   3   3   1   0   1   3   2   1   1   1    1    3    1    3      0.0148719866
   3   3   1   0   1   3   3   1   0   1    1    3    1    3      0.0325405598
   2   1   1   0   1   2   1   1   0   1    1    3    1    3      0.2648495138
   2   1   1   1   1   2   1   1   0   1    1    3    1    3     -0.4587328434
   2   1   1   1   1   2   1   1   1   1    1    3    1    3      0.7945486307
   3   2   1   1   1   3   2   1   1   1    3    3    3    3     -0.0268288683
   3   2   1   2   1   3   2   1   1   1    3    3    3    3      0.1338550001
   3   2   1   2   1   3   2   1   2   1    3    3    3    3      0.1437001824
   3   3   1   2   1   3   2   1   1   1    3    3    3    3     -0.0031765141
   3   3   1   2   1   3   2   1   2   1    3    3    3    3     -0.0545426682
   3   3   1   2   1   3   3   1   2   1    3    3    3    3      0.0913045183
   3   1   1   1   1   3   1   1   1   1    3    3    3    3      0.0556153804
   3   1   1   2   1   3   1   1   1   1    3    3    3    3     -0.0717991516
   3   1   1   2   1   3   1   1   2   1    3    3    3    3      0.0926923007
   3   2   1   2   1   3   2   1   2   1    5    3    5    3      0.1668392122
   3   3   1   2   1   3   2   1   2   1    5    3    5    3     -0.0875567868
   3   3   1   2   1   3   3   1   2   1    5    3    5    3      0.0542171746
