NNN int. calculated by NuHamil (Tokyo code), main:4c73fa870bfbd566a743c0c63a3e4dfcc4c6e591
# idx,  n,  l,  j
   1   0   0   1
   2   0   1   1
   3   0   1   3
#  a,  b,  c,Jab,Tab,  d,  e,  f,Jde,Tde,Jabc,Tabc,Jdef,Tdef,               ME
   1   1   1   0   1   1   1   1   0   1    1    1    1    1     -0.2173224390
   1   1   1   1   0   1   1   1   0   1    1    1    1    1      0.2173224390
   1   1   1   1   0   1   1   1   1   0    1    1    1    1     -0.2173224390
   2   1   1   0   0   2   1   1   0   0    1    1    1    1     -0.0524338298
   2   1   1   0   1   2   1   1   0   0    1    1    1    1      0.0799416751
   2   1   1   0   1   2   1   1   0   1    1    1    1    1      0.2871562839
   2   1   1   1   0   2   1   1   0   0    1    1    1    1     -0.0193963088
   2   1   1   1   0   2   1   1   0   1    1    1    1    1     -0.3794649839
   2   1   1   1   0   2   1   1   1   0    1    1    1    1      0.4018619061
   2   1   1   1   1   2   1   1   0   0    1    1    1    1      0.0524338335
   2   1   1   1   1   2   1   1   0   1    1    1    1    1     -0.0799416527
   2   1   1   1   1   2   1   1   1   0    1    1    1    1      0.0193962846
   2   1   1   1   1   2   1   1   1   1    1    1    1    1     -0.0524338335
   3   1   1   1   0   2   1   1   0   0    1    1    1    1      0.0191093516
   3   1   1   1   0   2   1   1   0   1    1    1    1    1      0.1831151843
   3   1   1   1   0   2   1   1   1   0    1    1    1    1     -0.2051807791
   3   1   1   1   0   2   1   1   1   1    1    1    1    1     -0.0191093404
   3   1   1   1   0   3   1   1   1   0    1    1    1    1      0.0480239876
   3   1   1   1   1   2   1   1   0   0    1    1    1    1     -0.0330983698
   3   1   1   1   1   2   1   1   0   1    1    1    1    1     -0.3171648383
   3   1   1   1   1   2   1   1   1   0    1    1    1    1      0.3553835452
   3   1   1   1   1   2   1   1   1   1    1    1    1    1      0.0330983512
   3   1   1   1   1   3   1   1   1   0    1    1    1    1     -0.0831799880
   3   1   1   1   1   3   1   1   1   1    1    1    1    1      0.1440719664
   2   1   1   1   0   2   1   1   1   0    3    1    3    1      0.3615683019
   2   1   1   1   1   2   1   1   1   0    3    1    3    1     -0.6262546778
   2   1   1   1   1   2   1   1   1   1    3    1    3    1      1.0847049952
   3   1   1   1   0   2   1   1   1   0    3    1    3    1     -0.2552340627
   3   1   1   1   0   2   1   1   1   1    3    1    3    1      0.4420784116
   3   1   1   1   0   3   1   1   1   0    3    1    3    1      0.0696637332
   3   1   1   1   1   2   1   1   1   0    3    1    3    1     -0.1774336696
   3   1   1   1   1   2   1   1   1   1    3    1    3    1      0.3073241115
   3   1   1   1   1   3   1   1   1   0    3    1    3    1      0.1472655088
   3   1   1   1   1   3   1   1   1   1    3    1    3    1     -0.0125906356
   3   1   1   2   0   2   1   1   1   0    3    1    3    1      0.3564049900
   3   1   1   2   0   2   1   1   1   1    3    1    3    1     -0.6173114777
   3   1   1   2   0   3   1   1   1   0    3    1    3    1     -0.1856795996
   3   1   1   2   0   3   1   1   1   1    3    1    3    1     -0.1028099805
   3   1   1   2   0   3   1   1   2   0    3    1    3    1      0.2357828319
   3   1   1   2   1   2   1   1   1   0    3    1    3    1      0.1824751347
   3   1   1   2   1   2   1   1   1   1    3    1    3    1     -0.3160561919
   3   1   1   2   1   3   1   1   1   0    3    1    3    1     -0.0242853742
   3   1   1   2   1   3   1   1   1   1    3    1    3    1     -0.1349691749
   3   1   1   2   1   3   1   1   2   0    3    1    3    1      0.1395314783
   3   1   1   2   1   3   1   1   2   1    3    1    3    1     -0.0131273996
   3   1   1   2   0   3   1   1   2   0    5    1    5    1      0.1225263774
   3   1   1   2   1   3   1   1   2   0    5    1    5    1     -0.2122219056
   3   1   1   2   1   3   1   1   2   1    5    1    5    1      0.3675791025
   2   1   1   0   1   2   1   1   0   1    1    3    1    3      0.2648494840
   2   1   1   1   1   2   1   1   0   1    1    3    1    3     -0.4587327540
   2   1   1   1   1   2   1   1   1   1    1    3    1    3      0.7945484519
   3   1   1   1   1   3   1   1   1   1    3    3    3    3      0.0556143150
   3   1   1   2   1   3   1   1   1   1    3    3    3    3     -0.0717977732
   3   1   1   2   1   3   1   1   2   1    3    3    3    3      0.0926905200
