NNN int. calculated by NuHamil (Tokyo code), main:4c73fa870bfbd566a743c0c63a3e4dfcc4c6e591
# idx,  n,  l,  j
   1   0   0   1
   2   0   1   1
   3   0   1   3
#  a,  b,  c,Jab,Tab,  d,  e,  f,Jde,Tde,Jabc,Tabc,Jdef,Tdef,               ME
   1   1   1   0   1   1   1   1   0   1    1    1    1    1     -0.2173224539
   1   1   1   1   0   1   1   1   0   1    1    1    1    1      0.2173224539
   1   1   1   1   0   1   1   1   1   0    1    1    1    1     -0.2173224539
   2   2   1   0   1   1   1   1   0   1    1    1    1    1      0.3624827266
   2   2   1   0   1   1   1   1   1   0    1    1    1    1     -0.3624827266
   2   2   1   0   1   2   2   1   0   1    1    1    1    1      0.5598667264
   2   2   1   1   0   1   1   1   0   1    1    1    1    1     -1.3046264648
   2   2   1   1   0   1   1   1   1   0    1    1    1    1      1.3046264648
   2   2   1   1   0   2   2   1   0   1    1    1    1    1      0.2906347215
   2   2   1   1   0   2   2   1   1   0    1    1    1    1      0.8013124466
   3   2   1   1   0   1   1   1   0   1    1    1    1    1     -0.2319904715
   3   2   1   1   0   1   1   1   1   0    1    1    1    1      0.2319904715
   3   2   1   1   0   2   2   1   0   1    1    1    1    1      0.1937315911
   3   2   1   1   0   2   2   1   1   0    1    1    1    1      0.2404776514
   3   2   1   1   0   3   2   1   1   0    1    1    1    1     -0.1227099523
   3   2   1   1   1   1   1   1   0   1    1    1    1    1     -0.7366241813
   3   2   1   1   1   1   1   1   1   0    1    1    1    1      0.7366241813
   3   2   1   1   1   2   2   1   0   1    1    1    1    1      0.3190430403
   3   2   1   1   1   2   2   1   1   0    1    1    1    1      0.0051291846
   3   2   1   1   1   3   2   1   1   0    1    1    1    1     -0.1208069324
   3   2   1   1   1   3   2   1   1   1    1    1    1    1      0.0789221004
   3   3   1   0   1   1   1   1   0   1    1    1    1    1     -0.7632424831
   3   3   1   0   1   1   1   1   1   0    1    1    1    1      0.7632424831
   3   3   1   0   1   2   2   1   0   1    1    1    1    1     -0.3768950105
   3   3   1   0   1   2   2   1   1   0    1    1    1    1     -0.0837567300
   3   3   1   0   1   3   2   1   1   0    1    1    1    1      0.3823112249
   3   3   1   0   1   3   2   1   1   1    1    1    1    1      0.4406494200
   3   3   1   0   1   3   3   1   0   1    1    1    1    1      0.4527529776
   3   3   1   1   0   1   1   1   0   1    1    1    1    1     -0.6791431308
   3   3   1   1   0   1   1   1   1   0    1    1    1    1      0.6791431308
   3   3   1   1   0   2   2   1   0   1    1    1    1    1      0.8782962561
   3   3   1   1   0   2   2   1   1   0    1    1    1    1      0.2038763165
   3   3   1   1   0   3   2   1   1   0    1    1    1    1      0.0591745153
   3   3   1   1   0   3   2   1   1   1    1    1    1    1     -0.1837074459
   3   3   1   1   0   3   3   1   0   1    1    1    1    1     -0.0016363710
   3   3   1   1   0   3   3   1   1   0    1    1    1    1     -0.1556640863
   2   1   1   0   0   2   1   1   0   0    1    1    1    1     -0.0524338335
   2   1   1   0   1   2   1   1   0   0    1    1    1    1      0.0799416751
   2   1   1   0   1   2   1   1   0   1    1    1    1    1      0.2871562839
   2   1   1   1   0   2   1   1   0   0    1    1    1    1     -0.0193963069
   2   1   1   1   0   2   1   1   0   1    1    1    1    1     -0.3794649839
   2   1   1   1   0   2   1   1   1   0    1    1    1    1      0.4018619061
   2   1   1   1   1   2   1   1   0   0    1    1    1    1      0.0524338335
   2   1   1   1   1   2   1   1   0   1    1    1    1    1     -0.0799416527
   2   1   1   1   1   2   1   1   1   0    1    1    1    1      0.0193962846
   2   1   1   1   1   2   1   1   1   1    1    1    1    1     -0.0524338335
   2   2   2   0   1   2   1   1   0   0    1    1    1    1      0.4245703518
   2   2   2   0   1   2   1   1   0   1    1    1    1    1     -0.5338292122
   2   2   2   0   1   2   1   1   1   0    1    1    1    1      0.0435775518
   2   2   2   0   1   2   1   1   1   1    1    1    1    1     -0.4245703816
   2   2   2   0   1   2   2   2   0   1    1    1    1    1     -0.4774167538
   2   2   2   1   0   2   1   1   0   0    1    1    1    1     -0.4245703220
   2   2   2   1   0   2   1   1   0   1    1    1    1    1      0.5338290930
   2   2   2   1   0   2   1   1   1   0    1    1    1    1     -0.0435775295
   2   2   2   1   0   2   1   1   1   1    1    1    1    1      0.4245703220
   2   2   2   1   0   2   2   2   0   1    1    1    1    1      0.4774167538
   2   2   2   1   0   2   2   2   1   0    1    1    1    1     -0.4774165154
   3   1   1   1   0   2   1   1   0   0    1    1    1    1      0.0191093534
   3   1   1   1   0   2   1   1   0   1    1    1    1    1      0.1831151843
   3   1   1   1   0   2   1   1   1   0    1    1    1    1     -0.2051807791
   3   1   1   1   0   2   1   1   1   1    1    1    1    1     -0.0191093422
   3   1   1   1   0   2   2   2   0   1    1    1    1    1      0.2829802632
   3   1   1   1   0   2   2   2   1   0    1    1    1    1     -0.2829802632
   3   1   1   1   0   3   1   1   1   0    1    1    1    1      0.0480239838
   3   1   1   1   1   2   1   1   0   0    1    1    1    1     -0.0330983698
   3   1   1   1   1   2   1   1   0   1    1    1    1    1     -0.3171648383
   3   1   1   1   1   2   1   1   1   0    1    1    1    1      0.3553835452
   3   1   1   1   1   2   1   1   1   1    1    1    1    1      0.0330983549
   3   1   1   1   1   2   2   2   0   1    1    1    1    1     -0.4901362360
   3   1   1   1   1   2   2   2   1   0    1    1    1    1      0.4901361763
   3   1   1   1   1   3   1   1   1   0    1    1    1    1     -0.0831799880
   3   1   1   1   1   3   1   1   1   1    1    1    1    1      0.1440719664
   3   2   2   1   0   2   1   1   0   0    1    1    1    1     -0.1013132930
   3   2   2   1   0   2   1   1   0   1    1    1    1    1     -0.2953497469
   3   2   2   1   0   2   1   1   1   0    1    1    1    1      0.4123362303
   3   2   2   1   0   2   1   1   1   1    1    1    1    1      0.1013132781
   3   2   2   1   0   2   2   2   0   1    1    1    1    1      0.2570205331
   3   2   2   1   0   2   2   2   1   0    1    1    1    1     -0.2570204735
   3   2   2   1   0   3   1   1   1   0    1    1    1    1      0.0711246133
   3   2   2   1   0   3   1   1   1   1    1    1    1    1     -0.1231914759
   3   2   2   1   0   3   2   2   1   0    1    1    1    1      0.1381222904
   3   2   2   1   1   2   1   1   0   0    1    1    1    1      0.1754797846
   3   2   2   1   1   2   1   1   0   1    1    1    1    1      0.5115607977
   3   2   2   1   1   2   1   1   1   0    1    1    1    1     -0.7141873837
   3   2   2   1   1   2   1   1   1   1    1    1    1    1     -0.1754797548
   3   2   2   1   1   2   2   2   0   1    1    1    1    1     -0.4451725781
   3   2   2   1   1   2   2   2   1   0    1    1    1    1      0.4451724887
   3   2   2   1   1   3   1   1   1   0    1    1    1    1     -0.1231914833
   3   2   2   1   1   3   1   1   1   1    1    1    1    1      0.2133739591
   3   2   2   1   1   3   2   2   1   0    1    1    1    1     -0.2392348498
   3   2   2   1   1   3   2   2   1   1    1    1    1    1      0.4143669009
   3   3   2   0   1   2   1   1   0   0    1    1    1    1     -0.1123709157
   3   3   2   0   1   2   1   1   0   1    1    1    1    1      0.0232166387
   3   3   2   0   1   2   1   1   1   0    1    1    1    1      0.1065381169
   3   3   2   0   1   2   1   1   1   1    1    1    1    1      0.1123709232
   3   3   2   0   1   2   2   2   0   1    1    1    1    1      0.1714009792
   3   3   2   0   1   2   2   2   1   0    1    1    1    1     -0.1714009494
   3   3   2   0   1   3   1   1   1   0    1    1    1    1      0.0950254649
   3   3   2   0   1   3   1   1   1   1    1    1    1    1     -0.1645889431
   3   3   2   0   1   3   2   2   1   0    1    1    1    1      0.1084223837
   3   3   2   0   1   3   2   2   1   1    1    1    1    1     -0.1877930909
   3   3   2   0   1   3   3   2   0   1    1    1    1    1      0.1599839181
   3   3   2   1   0   2   1   1   0   0    1    1    1    1     -0.1691433638
   3   3   2   1   0   2   1   1   0   1    1    1    1    1      0.3665368557
   3   3   2   1   0   2   1   1   1   0    1    1    1    1     -0.1712269485
   3   3   2   1   0   2   1   1   1   1    1    1    1    1      0.1691433787
   3   3   2   1   0   2   2   2   0   1    1    1    1    1      0.0680771023
   3   3   2   1   0   2   2   2   1   0    1    1    1    1     -0.0680771619
   3   3   2   1   0   3   1   1   1   0    1    1    1    1      0.2742775977
   3   3   2   1   0   3   1   1   1   1    1    1    1    1     -0.4750627279
   3   3   2   1   0   3   2   2   1   0    1    1    1    1     -0.0565797128
   3   3   2   1   0   3   2   2   1   1    1    1    1    1      0.0979989842
   3   3   2   1   0   3   3   2   0   1    1    1    1    1      0.1251742691
   3   3   2   1   0   3   3   2   1   0    1    1    1    1      0.1776477545
   3   3   3   1   0   2   1   1   0   0    1    1    1    1      0.0840151906
   3   3   3   1   0   2   1   1   0   1    1    1    1    1      0.0781325623
   3   3   3   1   0   2   1   1   1   0    1    1    1    1     -0.1751449555
   3   3   3   1   0   2   1   1   1   1    1    1    1    1     -0.0840151906
   3   3   3   1   0   2   2   2   0   1    1    1    1    1     -0.4241815805
   3   3   3   1   0   2   2   2   1   0    1    1    1    1      0.4241816103
   3   3   3   1   0   3   1   1   1   0    1    1    1    1     -0.2261999398
   3   3   3   1   0   3   1   1   1   1    1    1    1    1      0.3917897940
   3   3   3   1   0   3   2   2   1   0    1    1    1    1      0.0290930793
   3   3   3   1   0   3   2   2   1   1    1    1    1    1     -0.0503907502
   3   3   3   1   0   3   3   2   0   1    1    1    1    1     -0.1113359854
   3   3   3   1   0   3   3   2   1   0    1    1    1    1      0.1207140312
   3   3   3   1   0   3   3   3   1   0    1    1    1    1     -0.2478641868
   3   3   3   2   1   2   1   1   0   0    1    1    1    1      0.0840151608
   3   3   3   2   1   2   1   1   0   1    1    1    1    1      0.0781325847
   3   3   3   2   1   2   1   1   1   0    1    1    1    1     -0.1751449704
   3   3   3   2   1   2   1   1   1   1    1    1    1    1     -0.0840151608
   3   3   3   2   1   2   2   2   0   1    1    1    1    1     -0.4241815805
   3   3   3   2   1   2   2   2   1   0    1    1    1    1      0.4241816700
   3   3   3   2   1   3   1   1   1   0    1    1    1    1     -0.2261999249
   3   3   3   2   1   3   1   1   1   1    1    1    1    1      0.3917897940
   3   3   3   2   1   3   2   2   1   0    1    1    1    1      0.0290930830
   3   3   3   2   1   3   2   2   1   1    1    1    1    1     -0.0503907502
   3   3   3   2   1   3   3   2   0   1    1    1    1    1     -0.1113359854
   3   3   3   2   1   3   3   2   1   0    1    1    1    1      0.1207140163
   3   3   3   2   1   3   3   3   1   0    1    1    1    1     -0.2478641272
   3   3   3   2   1   3   3   3   2   1    1    1    1    1     -0.2478641272
   2   2   1   1   0   2   2   1   1   0    3    1    3    1      0.3170717061
   3   2   1   1   0   2   2   1   1   0    3    1    3    1      0.4784209728
   3   2   1   1   0   3   2   1   1   0    3    1    3    1      0.0663634464
   3   2   1   1   1   2   2   1   1   0    3    1    3    1      0.3834949732
   3   2   1   1   1   3   2   1   1   0    3    1    3    1      0.0664210171
   3   2   1   1   1   3   2   1   1   1    3    1    3    1      0.2926990688
   3   2   1   2   0   2   2   1   1   0    3    1    3    1     -0.1760615855
   3   2   1   2   0   3   2   1   1   0    3    1    3    1      0.1607042700
   3   2   1   2   0   3   2   1   1   1    3    1    3    1      0.1058320329
   3   2   1   2   0   3   2   1   2   0    3    1    3    1     -0.0225830525
   3   2   1   2   1   2   2   1   1   0    3    1    3    1      0.2199587822
   3   2   1   2   1   3   2   1   1   0    3    1    3    1      0.0575751141
   3   2   1   2   1   3   2   1   1   1    3    1    3    1      0.0747172385
   3   2   1   2   1   3   2   1   2   0    3    1    3    1      0.1253397018
   3   2   1   2   1   3   2   1   2   1    3    1    3    1      0.0136912074
   3   3   1   1   0   2   2   1   1   0    3    1    3    1     -0.3747556806
   3   3   1   1   0   3   2   1   1   0    3    1    3    1      0.1945570409
   3   3   1   1   0   3   2   1   1   1    3    1    3    1      0.2282353044
   3   3   1   1   0   3   2   1   2   0    3    1    3    1      0.0850627422
   3   3   1   1   0   3   2   1   2   1    3    1    3    1      0.0535709672
   3   3   1   1   0   3   3   1   1   0    3    1    3    1      0.2195668966
   3   3   1   2   1   2   2   1   1   0    3    1    3    1     -0.4618971944
   3   3   1   2   1   3   2   1   1   0    3    1    3    1     -0.0582565442
   3   3   1   2   1   3   2   1   1   1    3    1    3    1     -0.1666877568
   3   3   1   2   1   3   2   1   2   0    3    1    3    1     -0.0565051362
   3   3   1   2   1   3   2   1   2   1    3    1    3    1     -0.0872172043
   3   3   1   2   1   3   3   1   1   0    3    1    3    1     -0.1040838063
   3   3   1   2   1   3   3   1   2   1    3    1    3    1      0.0770313889
   2   1   1   1   0   2   1   1   1   0    3    1    3    1      0.3615683019
   2   1   1   1   1   2   1   1   1   0    3    1    3    1     -0.6262546778
   2   1   1   1   1   2   1   1   1   1    3    1    3    1      1.0847049952
   3   1   1   1   0   2   1   1   1   0    3    1    3    1     -0.2552340627
   3   1   1   1   0   2   1   1   1   1    3    1    3    1      0.4420784116
   3   1   1   1   0   3   1   1   1   0    3    1    3    1      0.0696637407
   3   1   1   1   1   2   1   1   1   0    3    1    3    1     -0.1774336696
   3   1   1   1   1   2   1   1   1   1    3    1    3    1      0.3073241115
   3   1   1   1   1   3   1   1   1   0    3    1    3    1      0.1472655237
   3   1   1   1   1   3   1   1   1   1    3    1    3    1     -0.0125906318
   3   1   1   2   0   2   1   1   1   0    3    1    3    1      0.3564049900
   3   1   1   2   0   2   1   1   1   1    3    1    3    1     -0.6173114777
   3   1   1   2   0   3   1   1   1   0    3    1    3    1     -0.1856795996
   3   1   1   2   0   3   1   1   1   1    3    1    3    1     -0.1028099805
   3   1   1   2   0   3   1   1   2   0    3    1    3    1      0.2357828319
   3   1   1   2   1   2   1   1   1   0    3    1    3    1      0.1824751347
   3   1   1   2   1   2   1   1   1   1    3    1    3    1     -0.3160561919
   3   1   1   2   1   3   1   1   1   0    3    1    3    1     -0.0242853742
   3   1   1   2   1   3   1   1   1   1    3    1    3    1     -0.1349691749
   3   1   1   2   1   3   1   1   2   0    3    1    3    1      0.1395314783
   3   1   1   2   1   3   1   1   2   1    3    1    3    1     -0.0131273996
   3   2   2   1   0   2   1   1   1   0    3    1    3    1     -0.0040042643
   3   2   2   1   0   2   1   1   1   1    3    1    3    1      0.0069356151
   3   2   2   1   0   3   1   1   1   0    3    1    3    1     -0.0662121400
   3   2   2   1   0   3   1   1   1   1    3    1    3    1     -0.0487866215
   3   2   2   1   0   3   1   1   2   0    3    1    3    1      0.0949237868
   3   2   2   1   0   3   1   1   2   1    3    1    3    1      0.0466252938
   3   2   2   1   0   3   2   2   1   0    3    1    3    1      0.1082426161
   3   2   2   1   1   2   1   1   1   0    3    1    3    1     -0.1127322912
   3   2   2   1   1   2   1   1   1   1    3    1    3    1      0.1952580959
   3   2   2   1   1   3   1   1   1   0    3    1    3    1     -0.1181692481
   3   2   2   1   1   3   1   1   1   1    3    1    3    1      0.2655041218
   3   2   2   1   1   3   1   1   2   0    3    1    3    1     -0.1459406018
   3   2   2   1   1   3   1   1   2   1    3    1    3    1      0.1742466539
   3   2   2   1   1   3   2   2   1   0    3    1    3    1      0.0736435428
   3   2   2   1   1   3   2   2   1   1    3    1    3    1      0.1785859466
   3   2   2   2   0   2   1   1   1   0    3    1    3    1      0.1039325371
   3   2   2   2   0   2   1   1   1   1    3    1    3    1     -0.1800164729
   3   2   2   2   0   3   1   1   1   0    3    1    3    1      0.1569815129
   3   2   2   2   0   3   1   1   1   1    3    1    3    1     -0.1996841431
   3   2   2   2   0   3   1   1   2   0    3    1    3    1      0.0570055768
   3   2   2   2   0   3   1   1   2   1    3    1    3    1     -0.1919667423
   3   2   2   2   0   3   2   2   1   0    3    1    3    1     -0.1497131735
   3   2   2   2   0   3   2   2   1   1    3    1    3    1     -0.2167761773
   3   2   2   2   0   3   2   2   2   0    3    1    3    1      0.3098577857
   3   2   2   2   1   2   1   1   1   0    3    1    3    1     -0.0255258232
   3   2   2   2   1   2   1   1   1   1    3    1    3    1      0.0442119911
   3   2   2   2   1   3   1   1   1   0    3    1    3    1      0.0287107602
   3   2   2   2   1   3   1   1   1   1    3    1    3    1      0.1121889353
   3   2   2   2   1   3   1   1   2   0    3    1    3    1     -0.1225840896
   3   2   2   2   1   3   1   1   2   1    3    1    3    1      0.0032873692
   3   2   2   2   1   3   2   2   1   0    3    1    3    1     -0.0778004527
   3   2   2   2   1   3   2   2   1   1    3    1    3    1     -0.0197581109
   3   2   2   2   1   3   2   2   2   0    3    1    3    1      0.0779361501
   3   2   2   2   1   3   2   2   2   1    3    1    3    1      0.0644853115
   3   3   2   1   0   2   1   1   1   0    3    1    3    1     -0.1133373007
   3   3   2   1   0   2   1   1   1   1    3    1    3    1      0.1963059604
   3   3   2   1   0   3   1   1   1   0    3    1    3    1     -0.0339755379
   3   3   2   1   0   3   1   1   1   1    3    1    3    1      0.1567296982
   3   3   2   1   0   3   1   1   2   0    3    1    3    1     -0.1138659492
   3   3   2   1   0   3   1   1   2   1    3    1    3    1      0.0708560795
   3   3   2   1   0   3   2   2   1   0    3    1    3    1      0.1353411973
   3   3   2   1   0   3   2   2   1   1    3    1    3    1      0.0223447755
   3   3   2   1   0   3   2   2   2   0    3    1    3    1     -0.1248206049
   3   3   2   1   0   3   2   2   2   1    3    1    3    1     -0.1152834445
   3   3   2   1   0   3   3   2   1   0    3    1    3    1      0.1649488956
   3   3   2   2   1   2   1   1   1   0    3    1    3    1     -0.1636179835
   3   3   2   2   1   2   1   1   1   1    3    1    3    1      0.2833946347
   3   3   2   2   1   2   2   2   1   0    3    1    3    1     -0.0000000106
   3   3   2   2   1   3   1   1   1   0    3    1    3    1      0.0391116329
   3   3   2   2   1   3   1   1   1   1    3    1    3    1      0.0227835551
   3   3   2   2   1   3   1   1   2   0    3    1    3    1     -0.0506739765
   3   3   2   2   1   3   1   1   2   1    3    1    3    1     -0.0290998220
   3   3   2   2   1   3   2   2   1   0    3    1    3    1     -0.0589286648
   3   3   2   2   1   3   2   2   1   1    3    1    3    1      0.2111009508
   3   3   2   2   1   3   2   2   2   0    3    1    3    1     -0.1431684643
   3   3   2   2   1   3   2   2   2   1    3    1    3    1      0.1072134227
   3   3   2   2   1   3   3   2   1   0    3    1    3    1     -0.1010160297
   3   3   2   2   1   3   3   2   2   1    3    1    3    1      0.0228625834
   3   3   3   0   1   2   1   1   1   0    3    1    3    1      0.1314945817
   3   3   3   0   1   2   1   1   1   1    3    1    3    1     -0.2277553231
   3   3   3   0   1   3   1   1   1   0    3    1    3    1     -0.1613830328
   3   3   3   0   1   3   1   1   1   1    3    1    3    1     -0.2486884147
   3   3   3   0   1   3   1   1   2   0    3    1    3    1      0.3474404514
   3   3   3   0   1   3   1   1   2   1    3    1    3    1      0.0801343173
   3   3   3   0   1   3   2   2   1   0    3    1    3    1     -0.0629610494
   3   3   3   0   1   3   2   2   1   1    3    1    3    1      0.0947894529
   3   3   3   0   1   3   2   2   2   0    3    1    3    1     -0.0360128582
   3   3   3   0   1   3   2   2   2   1    3    1    3    1      0.0807886198
   3   3   3   0   1   3   3   2   1   0    3    1    3    1     -0.0264520328
   3   3   3   0   1   3   3   2   2   1    3    1    3    1     -0.0511313826
   3   3   3   0   1   3   3   3   0   1    3    1    3    1      0.2537445426
   3   3   3   1   0   2   1   1   1   0    3    1    3    1     -0.0788967684
   3   3   3   1   0   2   1   1   1   1    3    1    3    1      0.1366531849
   3   3   3   1   0   3   1   1   1   0    3    1    3    1      0.0968298391
   3   3   3   1   0   3   1   1   1   1    3    1    3    1      0.1492130607
   3   3   3   1   0   3   1   1   2   0    3    1    3    1     -0.2084642947
   3   3   3   1   0   3   1   1   2   1    3    1    3    1     -0.0480805933
   3   3   3   1   0   3   2   2   1   0    3    1    3    1      0.0377766341
   3   3   3   1   0   3   2   2   1   1    3    1    3    1     -0.0568736680
   3   3   3   1   0   3   2   2   2   0    3    1    3    1      0.0216077119
   3   3   3   1   0   3   2   2   2   1    3    1    3    1     -0.0484731719
   3   3   3   1   0   3   3   2   1   0    3    1    3    1      0.0158712119
   3   3   3   1   0   3   3   2   2   1    3    1    3    1      0.0306788497
   3   3   3   1   0   3   3   3   0   1    3    1    3    1     -0.1522467583
   3   3   3   1   0   3   3   3   1   0    3    1    3    1      0.0913480669
   3   3   3   2   1   2   1   1   1   0    3    1    3    1      0.0588061623
   3   3   3   2   1   2   1   1   1   1    3    1    3    1     -0.1018552780
   3   3   3   2   1   3   1   1   1   0    3    1    3    1     -0.0721726939
   3   3   3   2   1   3   1   1   1   1    3    1    3    1     -0.1112168282
   3   3   3   2   1   3   1   1   2   0    3    1    3    1      0.1553800851
   3   3   3   2   1   3   1   1   2   1    3    1    3    1      0.0358371586
   3   3   3   2   1   3   2   2   1   0    3    1    3    1     -0.0281570330
   3   3   3   2   1   3   2   2   1   1    3    1    3    1      0.0423911363
   3   3   3   2   1   3   2   2   2   0    3    1    3    1     -0.0161054432
   3   3   3   2   1   3   2   2   2   1    3    1    3    1      0.0361297652
   3   3   3   2   1   3   3   2   1   0    3    1    3    1     -0.0118296919
   3   3   3   2   1   3   3   2   2   1    3    1    3    1     -0.0228666458
   3   3   3   2   1   3   3   3   0   1    3    1    3    1      0.1134780198
   3   3   3   2   1   3   3   3   1   0    3    1    3    1     -0.0680868253
   3   3   3   2   1   3   3   3   2   1    3    1    3    1      0.0507489108
   3   3   3   3   0   2   1   1   1   0    3    1    3    1     -0.1205167994
   3   3   3   3   0   2   1   1   1   1    3    1    3    1      0.2087412179
   3   3   3   3   0   3   1   1   1   0    3    1    3    1      0.1479100138
   3   3   3   3   0   3   1   1   1   1    3    1    3    1      0.2279267013
   3   3   3   3   0   3   1   1   2   0    3    1    3    1     -0.3184344471
   3   3   3   3   0   3   1   1   2   1    3    1    3    1     -0.0734443218
   3   3   3   3   0   3   2   2   1   0    3    1    3    1      0.0577047430
   3   3   3   3   0   3   2   2   1   1    3    1    3    1     -0.0868759751
   3   3   3   3   0   3   2   2   2   0    3    1    3    1      0.0330063477
   3   3   3   3   0   3   2   2   2   1    3    1    3    1     -0.0740439817
   3   3   3   3   0   3   3   2   1   0    3    1    3    1      0.0242436640
   3   3   3   3   0   3   3   2   2   1    3    1    3    1      0.0468626730
   3   3   3   3   0   3   3   3   0   1    3    1    3    1     -0.2325607538
   3   3   3   3   0   3   3   3   1   0    3    1    3    1      0.1395364851
   3   3   3   3   0   3   3   3   2   1    3    1    3    1     -0.1040043384
   3   3   3   3   0   3   3   3   3   0    3    1    3    1      0.2131454796
   3   2   1   2   0   3   2   1   2   0    5    1    5    1      0.1034149379
   3   2   1   2   1   3   2   1   2   0    5    1    5    1     -0.0039101737
   3   2   1   2   1   3   2   1   2   1    5    1    5    1      0.4056882262
   3   3   1   2   1   3   2   1   2   0    5    1    5    1      0.0408183858
   3   3   1   2   1   3   2   1   2   1    5    1    5    1     -0.0637558997
   3   3   1   2   1   3   3   1   2   1    5    1    5    1      0.3341856003
   3   3   1   3   0   3   2   1   2   0    5    1    5    1      0.0482507348
   3   3   1   3   0   3   2   1   2   1    5    1    5    1      0.2349733561
   3   3   1   3   0   3   3   1   2   1    5    1    5    1     -0.0853478238
   3   3   1   3   0   3   3   1   3   0    5    1    5    1      0.1866205335
   3   1   1   2   0   3   1   1   2   0    5    1    5    1      0.1225263774
   3   1   1   2   1   3   1   1   2   0    5    1    5    1     -0.2122218907
   3   1   1   2   1   3   1   1   2   1    5    1    5    1      0.3675791025
   3   2   2   2   0   3   1   1   2   0    5    1    5    1      0.1629015356
   3   2   2   2   0   3   1   1   2   1    5    1    5    1     -0.2821537256
   3   2   2   2   0   3   2   2   2   0    5    1    5    1      0.1122216061
   3   2   2   2   1   3   1   1   2   0    5    1    5    1     -0.2821537852
   3   2   2   2   1   3   1   1   2   1    5    1    5    1      0.4887046218
   3   2   2   2   1   3   2   2   2   0    5    1    5    1     -0.1943735033
   3   2   2   2   1   3   2   2   2   1    5    1    5    1      0.3366647661
   3   3   2   2   1   3   1   1   2   0    5    1    5    1      0.1115408838
   3   3   2   2   1   3   1   1   2   1    5    1    5    1     -0.1931944638
   3   3   2   2   1   3   2   2   2   0    5    1    5    1      0.1327965707
   3   3   2   2   1   3   2   2   2   1    5    1    5    1     -0.2300103903
   3   3   2   2   1   3   3   2   2   1    5    1    5    1      0.0459197611
   3   3   2   3   0   3   1   1   2   0    5    1    5    1      0.0748851597
   3   3   2   3   0   3   1   1   2   1    5    1    5    1     -0.1297048926
   3   3   2   3   0   3   2   2   2   0    5    1    5    1      0.1425994784
   3   3   2   3   0   3   2   2   2   1    5    1    5    1     -0.2469895035
   3   3   2   3   0   3   3   2   2   1    5    1    5    1      0.2276642472
   3   3   2   3   0   3   3   2   3   0    5    1    5    1      0.1847397834
   3   3   3   1   0   3   1   1   2   0    5    1    5    1      0.0374062844
   3   3   3   1   0   3   1   1   2   1    5    1    5    1     -0.0647895932
   3   3   3   1   0   3   2   2   2   0    5    1    5    1     -0.0191047098
   3   3   3   1   0   3   2   2   2   1    5    1    5    1      0.0330903307
   3   3   3   1   0   3   3   2   2   1    5    1    5    1      0.0058536013
   3   3   3   1   0   3   3   2   3   0    5    1    5    1     -0.1064374521
   3   3   3   1   0   3   3   3   1   0    5    1    5    1      0.0495576672
   3   3   3   2   1   3   1   1   2   0    5    1    5    1     -0.0547571853
   3   3   3   2   1   3   1   1   2   1    5    1    5    1      0.0948422551
   3   3   3   2   1   3   2   2   2   0    5    1    5    1      0.0279664192
   3   3   3   2   1   3   2   2   2   1    5    1    5    1     -0.0484392643
   3   3   3   2   1   3   3   2   2   1    5    1    5    1     -0.0085687879
   3   3   3   2   1   3   3   2   3   0    5    1    5    1      0.1558084935
   3   3   3   2   1   3   3   3   1   0    5    1    5    1     -0.0725450069
   3   3   3   2   1   3   3   3   2   1    5    1    5    1      0.1061950028
   3   3   3   3   0   3   1   1   2   0    5    1    5    1     -0.0399890020
   3   3   3   3   0   3   1   1   2   1    5    1    5    1      0.0692629814
   3   3   3   3   0   3   2   2   2   0    5    1    5    1      0.0204237737
   3   3   3   3   0   3   2   2   2   1    5    1    5    1     -0.0353750251
   3   3   3   3   0   3   3   2   2   1    5    1    5    1     -0.0062577617
   3   3   3   3   0   3   3   2   3   0    5    1    5    1      0.1137864143
   3   3   3   3   0   3   3   3   1   0    5    1    5    1     -0.0529793687
   3   3   3   3   0   3   3   3   2   1    5    1    5    1      0.0775538608
   3   3   3   3   0   3   3   3   3   0    5    1    5    1      0.0566373244
   3   3   1   3   0   3   3   1   3   0    7    1    7    1     -0.0162166655
   3   3   2   3   0   3   3   2   3   0    7    1    7    1      0.0290266760
   3   3   3   2   1   3   3   2   3   0    7    1    7    1      0.0422762781
   3   3   3   2   1   3   3   3   2   1    7    1    7    1      0.0914018452
   3   3   3   3   0   3   3   2   3   0    7    1    7    1     -0.0422762781
   3   3   3   3   0   3   3   3   2   1    7    1    7    1     -0.0914018527
   3   3   3   3   0   3   3   3   3   0    7    1    7    1      0.0914018229
   2   2   1   0   1   2   2   1   0   1    1    3    1    3      0.5818772316
   3   2   1   1   1   2   2   1   0   1    1    3    1    3     -0.1818324327
   3   2   1   1   1   3   2   1   1   1    1    3    1    3      0.2993243337
   3   3   1   0   1   2   2   1   0   1    1    3    1    3     -0.0454303734
   3   3   1   0   1   3   2   1   1   1    1    3    1    3      0.0148713747
   3   3   1   0   1   3   3   1   0   1    1    3    1    3      0.0325406268
   2   1   1   0   1   2   1   1   0   1    1    3    1    3      0.2648494840
   2   1   1   1   1   2   1   1   0   1    1    3    1    3     -0.4587327540
   2   1   1   1   1   2   1   1   1   1    1    3    1    3      0.7945484519
   3   3   2   0   1   2   1   1   0   1    1    3    1    3      0.1370392293
   3   3   2   0   1   2   1   1   1   1    1    3    1    3     -0.2373589128
   3   3   2   0   1   3   3   2   0   1    1    3    1    3      0.2040114403
   3   3   3   2   1   2   1   1   0   1    1    3    1    3      0.0000000103
   3   3   3   2   1   2   1   1   1   1    1    3    1    3     -0.0000000178
   3   2   1   1   1   3   2   1   1   1    3    3    3    3     -0.0268289614
   3   2   1   2   1   3   2   1   1   1    3    3    3    3      0.1338548213
   3   2   1   2   1   3   2   1   2   1    3    3    3    3      0.1437003613
   3   3   1   2   1   3   2   1   1   1    3    3    3    3     -0.0031758267
   3   3   1   2   1   3   2   1   2   1    3    3    3    3     -0.0545418113
   3   3   1   2   1   3   3   1   2   1    3    3    3    3      0.0913030803
   3   1   1   1   1   3   1   1   1   1    3    3    3    3      0.0556143150
   3   1   1   2   1   3   1   1   1   1    3    3    3    3     -0.0717977732
   3   1   1   2   1   3   1   1   2   1    3    3    3    3      0.0926905125
   3   2   2   1   1   3   1   1   1   1    3    3    3    3     -0.0840565264
   3   2   2   1   1   3   1   1   2   1    3    3    3    3      0.1085164994
   3   2   2   1   1   3   2   2   1   1    3    3    3    3      0.1453470588
   3   2   2   2   1   3   1   1   1   1    3    3    3    3      0.1085165143
   3   2   2   2   1   3   1   1   2   1    3    3    3    3     -0.1400942057
   3   2   2   2   1   3   2   2   1   1    3    3    3    3     -0.1876422614
   3   2   2   2   1   3   2   2   2   1    3    3    3    3      0.2422450930
   3   3   2   2   1   3   1   1   1   1    3    3    3    3      0.0358471200
   3   3   2   2   1   3   1   1   2   1    3    3    3    3     -0.0462784246
   3   3   2   2   1   3   2   2   1   1    3    3    3    3     -0.0114834458
   3   3   2   2   1   3   2   2   2   1    3    3    3    3      0.0148250610
   3   3   2   2   1   3   3   2   2   1    3    3    3    3      0.0435622595
   3   3   3   0   1   3   1   1   1   1    3    3    3    3      0.0569818020
   3   3   3   0   1   3   1   1   2   1    3    3    3    3     -0.0735631958
   3   3   3   0   1   3   2   2   1   1    3    3    3    3     -0.0082338015
   3   3   3   0   1   3   2   2   2   1    3    3    3    3      0.0106297946
   3   3   3   0   1   3   3   2   2   1    3    3    3    3      0.0338143148
   3   3   3   0   1   3   3   3   0   1    3    3    3    3      0.0353222564
   3   3   3   2   1   3   1   1   1   1    3    3    3    3     -0.1274151951
   3   3   3   2   1   3   1   1   2   1    3    3    3    3      0.1644923240
   3   3   3   2   1   3   2   2   1   1    3    3    3    3      0.0184113588
   3   3   3   2   1   3   2   2   2   1    3    3    3    3     -0.0237689521
   3   3   3   2   1   3   3   2   2   1    3    3    3    3     -0.0756111220
   3   3   3   2   1   3   3   3   0   1    3    3    3    3     -0.0789829791
   3   3   3   2   1   3   3   3   2   1    3    3    3    3      0.1766113341
   3   2   1   2   1   3   2   1   2   1    5    3    5    3      0.1668388397
   3   3   1   2   1   3   2   1   2   1    5    3    5    3     -0.0875571668
   3   3   1   2   1   3   3   1   2   1    5    3    5    3      0.0542168543
   3   3   2   2   1   3   3   2   2   1    5    3    5    3      0.0977430791
