#NNN int. calculated by NuHamil (Tokyo code), main:4c73fa870bfbd566a743c0c63a3e4dfcc4c6e591
# idx,  n,  l,  j
   1   0   0   1
   2   0   1   1
   3   0   1   3
#  a,  b,  c,Jab,Tab,  d,  e,  f,Jde,Tde,Jabc,Tabc,Jdef,Tdef,               ME
   1   1   1   0   1   1   1   1   0   1    1    1    1    1     -0.2173224539
   1   1   1   1   0   1   1   1   0   1    1    1    1    1      0.2173224539
   1   1   1   1   0   1   1   1   1   0    1    1    1    1     -0.2173224539
   2   2   1   0   1   1   1   1   0   1    1    1    1    1      0.3624827266
   2   2   1   0   1   1   1   1   1   0    1    1    1    1     -0.3624827266
   2   2   1   0   1   2   2   1   0   1    1    1    1    1      0.5598667264
   2   2   1   1   0   1   1   1   0   1    1    1    1    1     -1.3046264648
   2   2   1   1   0   1   1   1   1   0    1    1    1    1      1.3046264648
   2   2   1   1   0   2   2   1   0   1    1    1    1    1      0.2906347215
   2   2   1   1   0   2   2   1   1   0    1    1    1    1      0.8013124466
   3   2   1   1   0   1   1   1   0   1    1    1    1    1     -0.2319904715
   3   2   1   1   0   1   1   1   1   0    1    1    1    1      0.2319904715
   3   2   1   1   0   2   2   1   0   1    1    1    1    1      0.1937315911
   3   2   1   1   0   2   2   1   1   0    1    1    1    1      0.2404776514
   3   2   1   1   0   3   2   1   1   0    1    1    1    1     -0.1227099523
   3   2   1   1   1   1   1   1   0   1    1    1    1    1     -0.7366241813
   3   2   1   1   1   1   1   1   1   0    1    1    1    1      0.7366241813
   3   2   1   1   1   2   2   1   0   1    1    1    1    1      0.3190430403
   3   2   1   1   1   2   2   1   1   0    1    1    1    1      0.0051291846
   3   2   1   1   1   3   2   1   1   0    1    1    1    1     -0.1208069324
   3   2   1   1   1   3   2   1   1   1    1    1    1    1      0.0789221004
   3   3   1   0   1   1   1   1   0   1    1    1    1    1     -0.7632424831
   3   3   1   0   1   1   1   1   1   0    1    1    1    1      0.7632424831
   3   3   1   0   1   2   2   1   0   1    1    1    1    1     -0.3768950105
   3   3   1   0   1   2   2   1   1   0    1    1    1    1     -0.0837567300
   3   3   1   0   1   3   2   1   1   0    1    1    1    1      0.3823112249
   3   3   1   0   1   3   2   1   1   1    1    1    1    1      0.4406494200
   3   3   1   0   1   3   3   1   0   1    1    1    1    1      0.4527529776
   3   3   1   1   0   1   1   1   0   1    1    1    1    1     -0.6791431308
   3   3   1   1   0   1   1   1   1   0    1    1    1    1      0.6791431308
   3   3   1   1   0   2   2   1   0   1    1    1    1    1      0.8782962561
   3   3   1   1   0   2   2   1   1   0    1    1    1    1      0.2038763165
   3   3   1   1   0   3   2   1   1   0    1    1    1    1      0.0591745153
   3   3   1   1   0   3   2   1   1   1    1    1    1    1     -0.1837074459
   3   3   1   1   0   3   3   1   0   1    1    1    1    1     -0.0016363710
   3   3   1   1   0   3   3   1   1   0    1    1    1    1     -0.1556640863
   2   1   1   0   0   2   1   1   0   0    1    1    1    1     -0.0524338335
   2   1   1   0   1   2   1   1   0   0    1    1    1    1      0.0799416751
   2   1   1   0   1   2   1   1   0   1    1    1    1    1      0.2871562839
   2   1   1   1   0   2   1   1   0   0    1    1    1    1     -0.0193963069
   2   1   1   1   0   2   1   1   0   1    1    1    1    1     -0.3794649839
   2   1   1   1   0   2   1   1   1   0    1    1    1    1      0.4018619061
   2   1   1   1   1   2   1   1   0   0    1    1    1    1      0.0524338335
   2   1   1   1   1   2   1   1   0   1    1    1    1    1     -0.0799416527
   2   1   1   1   1   2   1   1   1   0    1    1    1    1      0.0193962846
   2   1   1   1   1   2   1   1   1   1    1    1    1    1     -0.0524338335
   3   1   1   1   0   2   1   1   0   0    1    1    1    1      0.0191093534
   3   1   1   1   0   2   1   1   0   1    1    1    1    1      0.1831151843
   3   1   1   1   0   2   1   1   1   0    1    1    1    1     -0.2051807791
   3   1   1   1   0   2   1   1   1   1    1    1    1    1     -0.0191093422
   3   1   1   1   0   3   1   1   1   0    1    1    1    1      0.0480239838
   3   1   1   1   1   2   1   1   0   0    1    1    1    1     -0.0330983736
   3   1   1   1   1   2   1   1   0   1    1    1    1    1     -0.3171648383
   3   1   1   1   1   2   1   1   1   0    1    1    1    1      0.3553835452
   3   1   1   1   1   2   1   1   1   1    1    1    1    1      0.0330983549
   3   1   1   1   1   3   1   1   1   0    1    1    1    1     -0.0831799880
   3   1   1   1   1   3   1   1   1   1    1    1    1    1      0.1440719664
   2   2   1   1   0   2   2   1   1   0    3    1    3    1      0.3170717061
   3   2   1   1   0   2   2   1   1   0    3    1    3    1      0.4784209728
   3   2   1   1   0   3   2   1   1   0    3    1    3    1      0.0663634464
   3   2   1   1   1   2   2   1   1   0    3    1    3    1      0.3834949732
   3   2   1   1   1   3   2   1   1   0    3    1    3    1      0.0664210171
   3   2   1   1   1   3   2   1   1   1    3    1    3    1      0.2926990688
   3   2   1   2   0   2   2   1   1   0    3    1    3    1     -0.1760615855
   3   2   1   2   0   3   2   1   1   0    3    1    3    1      0.1607042700
   3   2   1   2   0   3   2   1   1   1    3    1    3    1      0.1058320329
   3   2   1   2   0   3   2   1   2   0    3    1    3    1     -0.0225830525
   3   2   1   2   1   2   2   1   1   0    3    1    3    1      0.2199587822
   3   2   1   2   1   3   2   1   1   0    3    1    3    1      0.0575751141
   3   2   1   2   1   3   2   1   1   1    3    1    3    1      0.0747172385
   3   2   1   2   1   3   2   1   2   0    3    1    3    1      0.1253397018
   3   2   1   2   1   3   2   1   2   1    3    1    3    1      0.0136912093
   3   3   1   1   0   2   2   1   1   0    3    1    3    1     -0.3747556806
   3   3   1   1   0   3   2   1   1   0    3    1    3    1      0.1945570409
   3   3   1   1   0   3   2   1   1   1    3    1    3    1      0.2282353044
   3   3   1   1   0   3   2   1   2   0    3    1    3    1      0.0850627422
   3   3   1   1   0   3   2   1   2   1    3    1    3    1      0.0535709634
   3   3   1   1   0   3   3   1   1   0    3    1    3    1      0.2195668966
   3   3   1   2   1   2   2   1   1   0    3    1    3    1     -0.4618971944
   3   3   1   2   1   3   2   1   1   0    3    1    3    1     -0.0582565442
   3   3   1   2   1   3   2   1   1   1    3    1    3    1     -0.1666877568
   3   3   1   2   1   3   2   1   2   0    3    1    3    1     -0.0565051362
   3   3   1   2   1   3   2   1   2   1    3    1    3    1     -0.0872172043
   3   3   1   2   1   3   3   1   1   0    3    1    3    1     -0.1040837914
   3   3   1   2   1   3   3   1   2   1    3    1    3    1      0.0770313963
   2   1   1   1   0   2   1   1   1   0    3    1    3    1      0.3615683019
   2   1   1   1   1   2   1   1   1   0    3    1    3    1     -0.6262546778
   2   1   1   1   1   2   1   1   1   1    3    1    3    1      1.0847049952
   3   1   1   1   0   2   1   1   1   0    3    1    3    1     -0.2552340627
   3   1   1   1   0   2   1   1   1   1    3    1    3    1      0.4420784116
   3   1   1   1   0   3   1   1   1   0    3    1    3    1      0.0696637332
   3   1   1   1   1   2   1   1   1   0    3    1    3    1     -0.1774336696
   3   1   1   1   1   2   1   1   1   1    3    1    3    1      0.3073241115
   3   1   1   1   1   3   1   1   1   0    3    1    3    1      0.1472655088
   3   1   1   1   1   3   1   1   1   1    3    1    3    1     -0.0125906356
   3   1   1   2   0   2   1   1   1   0    3    1    3    1      0.3564049900
   3   1   1   2   0   2   1   1   1   1    3    1    3    1     -0.6173114777
   3   1   1   2   0   3   1   1   1   0    3    1    3    1     -0.1856795996
   3   1   1   2   0   3   1   1   1   1    3    1    3    1     -0.1028099805
   3   1   1   2   0   3   1   1   2   0    3    1    3    1      0.2357828319
   3   1   1   2   1   2   1   1   1   0    3    1    3    1      0.1824751347
   3   1   1   2   1   2   1   1   1   1    3    1    3    1     -0.3160561919
   3   1   1   2   1   3   1   1   1   0    3    1    3    1     -0.0242853742
   3   1   1   2   1   3   1   1   1   1    3    1    3    1     -0.1349691749
   3   1   1   2   1   3   1   1   2   0    3    1    3    1      0.1395314783
   3   1   1   2   1   3   1   1   2   1    3    1    3    1     -0.0131273996
   3   2   1   2   0   3   2   1   2   0    5    1    5    1      0.1034149379
   3   2   1   2   1   3   2   1   2   0    5    1    5    1     -0.0039101695
   3   2   1   2   1   3   2   1   2   1    5    1    5    1      0.4056882262
   3   3   1   2   1   3   2   1   2   0    5    1    5    1      0.0408183783
   3   3   1   2   1   3   2   1   2   1    5    1    5    1     -0.0637558848
   3   3   1   2   1   3   3   1   2   1    5    1    5    1      0.3341855705
   3   3   1   3   0   3   2   1   2   0    5    1    5    1      0.0482507385
   3   3   1   3   0   3   2   1   2   1    5    1    5    1      0.2349733561
   3   3   1   3   0   3   3   1   2   1    5    1    5    1     -0.0853478238
   3   3   1   3   0   3   3   1   3   0    5    1    5    1      0.1866205335
   3   1   1   2   0   3   1   1   2   0    5    1    5    1      0.1225263774
   3   1   1   2   1   3   1   1   2   0    5    1    5    1     -0.2122219056
   3   1   1   2   1   3   1   1   2   1    5    1    5    1      0.3675791025
   3   3   1   3   0   3   3   1   3   0    7    1    7    1     -0.0162166655
   2   2   1   0   1   2   2   1   0   1    1    3    1    3      0.5818772316
   3   2   1   1   1   2   2   1   0   1    1    3    1    3     -0.1818324327
   3   2   1   1   1   3   2   1   1   1    1    3    1    3      0.2993243635
   3   3   1   0   1   2   2   1   0   1    1    3    1    3     -0.0454303734
   3   3   1   0   1   3   2   1   1   1    1    3    1    3      0.0148713747
   3   3   1   0   1   3   3   1   0   1    1    3    1    3      0.0325406268
   2   1   1   0   1   2   1   1   0   1    1    3    1    3      0.2648494840
   2   1   1   1   1   2   1   1   0   1    1    3    1    3     -0.4587327540
   2   1   1   1   1   2   1   1   1   1    1    3    1    3      0.7945484519
   3   2   1   1   1   3   2   1   1   1    3    3    3    3     -0.0268289614
   3   2   1   2   1   3   2   1   1   1    3    3    3    3      0.1338548213
   3   2   1   2   1   3   2   1   2   1    3    3    3    3      0.1437003911
   3   3   1   2   1   3   2   1   1   1    3    3    3    3     -0.0031758265
   3   3   1   2   1   3   2   1   2   1    3    3    3    3     -0.0545418113
   3   3   1   2   1   3   3   1   2   1    3    3    3    3      0.0913030803
   3   1   1   1   1   3   1   1   1   1    3    3    3    3      0.0556143150
   3   1   1   2   1   3   1   1   1   1    3    3    3    3     -0.0717977732
   3   1   1   2   1   3   1   1   2   1    3    3    3    3      0.0926905200
   3   2   1   2   1   3   2   1   2   1    5    3    5    3      0.1668388397
   3   3   1   2   1   3   2   1   2   1    5    3    5    3     -0.0875571668
   3   3   1   2   1   3   3   1   2   1    5    3    5    3      0.0542168543
